英語コミュニケーションⅠ 0 0 0 1 1 1
初修外国語（ポルトガル語）入門Ⅰ 0 0 0 1 1 1
初修外国語（ポルトガル語）入門Ⅱ 0 0 0 1 1 1
初修外国語（ドイツ語）入門Ⅰ 0 0 0 1 1 1
初修外国語（ドイツ語）入門Ⅱ 0 0 0 1 1 1
初修外国語（中国語）入門Ⅰ 0 0 0 1 1 1
初修外国語（中国語）入門Ⅱ 0 0 0 1 1 1
初修外国語（スペイン語）入門Ⅰ 0 0 0 1 1 1
初修外国語（スペイン語）入門Ⅱ 0 0 0 1 1 1
初修外国語（フランス語）入門Ⅰ 0 0 0 1 1 1
初修外国語（フランス語）入門Ⅱ 0 0 0 1 1 1
初修外国語（現代韓国語）入門Ⅰ 0 0 0 1 1 1
初修外国語（現代韓国語）入門Ⅱ 0 0 0 1 1 1
キャリアデザイン 0 0 0 1 1 1
英語演習Ⅰ 0 1 0 1 1 1
哲学 0 1 1 2 3 1
歴史と文化 0 1 1 2 1 2
歴史と文化 0 1 1 2 2 1
歴史と文化 0 1 1 2 2 2
歴史と文化 0 1 1 2 3 2
ことばと表現 0 1 1 2 1 2
ことばと表現 0 1 1 2 2 1
日本国憲法 0 1 1 2 1 2
日本国憲法 0 1 1 2 2 1
法と社会 0 1 1 2 1 2
法と社会 0 1 1 2 2 1
法と社会 0 1 1 2 2 2
経済と社会 0 1 1 2 3 1
経済と社会 0 1 1 2 1 2
経済と社会 0 1 1 2 2 1
経済と社会 0 1 1 2 2 2
国際社会と日本 0 1 1 2 2 1
現代の社会 0 1 1 2 2 1
現代の社会 0 1 1 2 3 1
現代の社会 0 1 1 2 2 2
心理学 0 1 1 2 2 1
心理学 0 1 1 2 1 2
心理学 0 1 1 2 2 2
心理学 0 1 1 2 3 2
地域と文化 0 1 1 2 3 1
地域と文化 0 1 1 2 2 1
芸術論 0 1 1 2 1 2
芸術論 0 1 1 2 2 1
芸術論 0 1 1 2 2 2
芸術論 0 1 1 2 3 2
世界のことばと文化 0 1 1 2 1 2
数学の世界 0 1 2 2 2 1
数理の構造 0 1 2 2 2 1
物理の世界 0 1 2 2 2 2
自然と物理 0 1 2 2 1 2
自然と物理 0 1 2 2 3 2
化学の世界 0 1 2 2 3 1
生活の科学 0 1 2 2 3 1
生命科学 0 1 2 2 1 2
生物と環境 0 1 2 2 1 2
生物と環境 0 1 2 2 3 1
地球科学 0 1 2 2 3 1
地球科学 0 1 2 2 2 1
進化と地球環境 0 1 2 2 2 1
科学と技術 0 1 2 2 2 1
科学と技術 0 1 2 2 2 2
ＵＳＡ論 0 1 3 2 3 1
異文化と出会う 0 1 3 2 3 1
海外大学交流研修Ⅰ 0 1 3 2 3 2
海外大学交流研修Ⅱ 0 1 3 2 3 2
情報ネットワーク社会 0 1 3 2 3 2
ことば 0 1 3 2 3 1
こころの深層 0 1 3 2 3 1
ロックとアートからみるメンタルヘルス 0 1 3 2 3 2
音楽・音響と人間 0 1 3 2 3 2
囲碁を通じて学ぶ総合力 0 1 3 2 3 2
ロボットと人間 0 1 3 2 3 2
科学技術と倫理を考える 0 1 3 2 3 1
魅せる化学～環境から経済まで 0 1 3 2 3 2
地域創造概論 0 1 3 2 2 1
わが街・浜松の市政 0 1 3 2 2 2
地域社会連携を考える 0 1 3 2 2 2
静岡県の防災・減災と原子力 0 1 3 2 2 2
浜松市の交通と観光を考える 0 1 3 2 3 1
地域メディア論 0 1 3 2 2 2
地震防災 0 1 3 2 3 1
新・佐鳴湖から考える 0 1 3 2 3 2
防災科学実習 0 1 3 2 3 2
起業論 0 1 3 2 2 2
ジェンダーからみる現代社会 0 1 3 2 2 2
ジェンダーからみる現代社会 0 1 3 2 1 2
リスクコミュニケーション 0 1 3 2 2 2
職業企業研究入門 0 1 3 2 2 2
医学と人間 0 1 3 2 2 2
インターンシップの理論と実践 0 1 3 2 2 1
エネルギーと環境 0 1 3 2 3 1
身近なナノテク 0 1 3 2 2 2
知的財産実践（インターンシップ） 0 1 3 2 3 2
社会と製造業 0 1 3 2 3 1
社会と製造業 0 1 3 2 1 2
地域づくりフィールドワーク 0 1 3 2 2 2
知的財産論 2 0 0 2 3 2
歴史史料演習Ⅰ 2 0 0 2 2 2
歴史史料演習Ⅱ 2 0 0 2 3 2
美術とメディア 2 0 0 2 2 2
博物館資料論 2 0 0 2 1 1
博物館経営論 2 0 0 2 1 1
博物館資料保存論 2 0 0 2 1 2
博物館実習 2 0 0 3 3 1
健康体育Ⅰ 0 2 0 1 3 1
健康体育Ⅱ 0 2 0 1 3 2
英語コミュニケーションⅡ 0 2 0 1 1 2
英語コミュニケーションⅡ 0 2 0 1 2 1
英語コミュニケーションⅡ 0 2 0 1 2 2
英語ディスカッション 0 2 0 2 1 2
英語インテンシブＡ 0 2 0 2 1 2
英語インテンシブＢ 0 2 0 2 2 1
英語海外研修Ａ 0 2 0 2 1 2
英語海外研修Ａ 0 2 0 2 2 2
英語海外研修Ａ 0 2 0 2 3 2
英語海外研修Ａ 0 2 0 2 4 2
英語海外研修Ｂ 0 2 0 2 1 2
英語海外研修Ｂ 0 2 0 2 2 2
英語海外研修Ｂ 0 2 0 2 3 2
英語海外研修Ｂ 0 2 0 2 4 2
スポーツⅠ 0 2 0 1 2 1
スポーツⅡ 0 2 0 1 2 2
新入生セミナー 0 2 0 2 1 1
情報処理 0 2 0 2 1 2
初修外国語（ポルトガル語）Ⅰ 0 2 0 2 1 2
初修外国語（ポルトガル語）Ⅱ 0 2 0 2 1 2
初修外国語（ポルトガル語）Ⅲ 0 2 0 2 2 1
初修外国語（ポルトガル語）Ⅳ 0 2 0 2 2 2
初修外国語（現代韓国語）Ⅰ 0 2 0 2 1 2
初修外国語（現代韓国語）Ⅱ 0 2 0 2 1 2
初修外国語（現代韓国語）Ⅲ 0 2 0 2 2 1
初修外国語（現代韓国語）Ⅳ 0 2 0 2 2 2
初修外国語（ドイツ語）Ⅰ 0 2 0 2 1 2
初修外国語（ドイツ語）Ⅱ 0 2 0 2 1 2
初修外国語（ドイツ語）Ⅲ 0 2 0 2 2 1
初修外国語（ドイツ語）Ⅳ 0 2 0 2 2 2
初修外国語（スペイン語）Ⅰ 0 2 0 2 1 2
初修外国語（スペイン語）Ⅱ 0 2 0 2 1 2
初修外国語（スペイン語）Ⅲ 0 2 0 2 2 1
初修外国語（スペイン語）Ⅳ 0 2 0 2 2 2
初修外国語（フランス語）Ⅰ 0 2 0 2 1 2
初修外国語（フランス語）Ⅱ 0 2 0 2 1 2
初修外国語（フランス語）Ⅲ 0 2 0 2 2 1
初修外国語（フランス語）Ⅳ 0 2 0 2 2 2
初修外国語（中国語）Ⅰ 0 2 0 2 1 2
初修外国語（中国語）Ⅱ 0 2 0 2 1 2
初修外国語（中国語）Ⅲ 0 2 0 2 2 1
初修外国語（中国語）Ⅳ 0 2 0 2 2 1
基礎英語演習 0 1 0 1 1 2
基礎英語演習 0 1 0 1 2 1
英語演習Ⅱ 0 2 0 1 1 2
英語演習Ⅱ 0 2 0 1 2 1
英語演習Ⅱ 0 2 0 1 2 2
英語演習Ⅱ 0 2 0 1 3 2
英語演習Ⅲ 0 2 0 2 1 2
英語ライティングⅠ 0 2 0 1 1 2
英語ライティングⅠ 0 2 0 1 2 1
英語ライティングⅠ 0 2 0 1 2 2
英語ライティングⅡ 0 2 0 2 2 1
英語ライティングⅡ 0 2 0 2 2 2
アカデミックイングリッシュⅠ 0 2 0 2 2 2
アカデミックイングリッシュⅡ 0 2 0 2 2 2
アカデミックイングリッシュⅢ 0 2 0 2 2 1
ビジネスイングリッシュ 0 2 0 2 3 2
ふじのくに学（お茶） 2 0 0 2 2 1
ふじのくに学（観光学） 2 0 0 2 2 1
ふじのくに学（南アルプスの自然）～ユネスコエコパークに学ぶ 2 0 0 1 2 2
ふじのくに学（静岡県の産業イノベーション） 2 0 0 2 2 1
ふじのくに学（農林業） 2 0 0 1 2 2
ふじのくに学（演劇論） 2 0 0 2 2 1
情報学総論 1 0 0 2 1 1
コンピュータ入門 1 0 0 2 1 1
日本語表現法 1 0 0 2 1 1
コンピュータシステム演習 1 0 0 1 1 1
コミュニケーションスキルズⅠ 1 0 0 1 1 1
コミュニケーションスキルズⅠ 1 0 0 1 1 2
プログラミング 1 0 0 3 1 2
学習マネジメント 1 0 0 2 1 2
情報倫理と法 1 0 0 2 2 1
情報学方法論 1 0 0 1 2 2
リーディングスキルズⅠ 1 2 1 1 1 1
ライティングスキルズⅠ 1 2 1 1 1 1
リーディングスキルズⅠ 1 2 1 1 1 2
ライティングスキルズⅠ 1 2 1 1 1 2
コミュニケーションスキルズⅡ 1 2 1 1 2 1
リーディングスキルズⅡ 1 2 1 1 2 1
ライティングスキルズⅡ 1 2 1 1 2 1
コミュニケーションスキルズⅡ 1 2 1 1 2 2
リーディングスキルズⅡ 1 2 1 1 2 2
ライティングスキルズⅡ 1 2 1 1 2 2
リーディングスキルズⅢ 1 2 1 1 3 1
コミュニケーションスキルズⅢ 1 2 1 1 3 1
ライティングスキルズⅢ－1 1 2 1 1 3 1
リーディングスキルズⅢ 1 2 1 1 3 2
コミュニケーションスキルズⅢ 1 2 1 1 3 2
ライティングスキルズⅢ－1 1 2 1 1 3 2
情報学特別講義Ⅰ 1 2 1 2 3 2
情報学特別講義Ⅱ 1 2 1 2 3 1
情報学特別講義Ⅲ 1 2 1 2 4 1
ライティングスキルズⅢ－2 1 2 1 1 4 1
ライティングスキルズⅢ－3 1 2 1 1 4 1
ライティングスキルズⅢ－2 1 2 1 1 4 2
ライティングスキルズⅢ－3 1 2 1 1 4 2
卒業研究 1 0 1 6 4 2
微分積分学Ｉ 1 0 1 2 1 1
線形代数学Ⅰ 1 0 1 2 1 1
情報数学 1 0 1 2 1 1
線形代数学Ⅱ 1 0 1 2 1 2
離散数学 1 0 1 2 2 1
情報理論 1 0 1 2 2 1
数理論理 1 0 1 2 2 1
アルゴリズムとデータ構造Ⅰ－CS 1 0 1 2 2 1
論理回路 1 0 1 2 2 1
アルゴリズムとデータ構造Ⅱ 1 0 1 2 2 2
プログラミング方法論 1 0 1 2 2 2
コンピュータ設計Ⅰ 1 0 1 2 2 2
オートマトンと計算理論 1 0 1 2 2 2
コンピュータネットワーク 1 0 1 2 2 2
オペレーティングシステム 1 0 1 2 3 1
コンピュータ設計Ⅱ 1 0 1 2 3 1
情報科学実験Ⅰ 1 0 1 2 3 1
言語理論 1 0 1 2 3 1
機械語と計算機械 1 0 1 2 3 1
情報科学実験Ⅱ 1 0 1 2 3 2
情報科学実験Ⅲ 1 0 1 2 3 2
微分積分学Ⅱ 1 1 1 2 1 2
情報代数及び符号理論 1 1 1 2 2 2
データベースシステム論 1 1 1 2 2 2
ディジタル信号処理 1 1 1 2 2 2
人工知能 1 1 1 2 3 1
ネットワークプログラミング 1 1 1 2 3 1
統計学入門 1 2 1 2 1 2
認知科学 1 2 1 2 1 2
情報と心理 1 2 1 2 1 2
エレクトロニクス入門 1 2 1 2 1 1
問題分析とモデリング 1 2 1 2 2 2
応用数学 1 2 1 2 2 1
創造的プログラミング 1 2 1 2 2 1
多変量データ解析 1 2 1 2 2 1
先端情報学実習Ⅰ－a 1 2 1 2 2 1
先端情報学実習Ⅰ－b 1 2 1 2 2 2
信号処理 1 2 1 2 3 1
意思決定論 1 2 1 2 3 1
パターン認識 1 2 1 2 3 1
システム要求分析設計 1 2 1 2 3 1
人間情報活用論 1 2 1 2 3 1
情報セキュリティ 1 2 1 2 3 1
プロジェクトマネジメント 1 2 1 2 3 2
先端情報学実習Ⅱ－a 1 2 1 2 3 1
情報科学演習 1 2 1 1 3 2
シミュレーション 1 2 1 2 3 2
ヒューマンインタフェース及び演習 1 2 1 2 3 2
先端情報学実習Ⅱ－b 1 2 1 2 3 2
インターンシップ－A 1 2 1 2 3 1
インターンシップ－B 1 2 1 1 3 1
インターンシップ－A 1 2 1 2 3 2
インターンシップ－B 1 2 1 1 3 2
ソフトウエア品質管理 1 2 1 2 4 1
機械学習 1 2 1 2 4 1
データマイニング 1 2 1 2 4 2
先端情報学実習Ⅲ－a 1 2 1 2 4 1
社会モデル 1 2 1 2 4 2
組織マネジメント 1 2 1 2 4 2
先端情報学実習Ⅲ－b 1 2 1 2 4 2